Gardena, California
200
248
400
500
502
505
700
703
706
708
709
712
718
760
806
810
819
899
918
999
Hollywood, California
469
Los Angeles, California
217
221
222
223
224
225
226
227
228
229
230
231
232
233
234
235
236
237
238
239
240
241
242
243
244
245
249
250
251
252
253
254
255
256
257
258
259
260
261
262
263
264
265
266
267
268
269
272
276
277
283
290
291
292
293
294
295
296
298
299
300
302
303
304
305
306
307
308
309
312
321
339
340
341
342
343
344
345
346
347
349
351
353
356
357
359
360
361
362
365
367
368
369
380
381
382
383
384
385
386
387
388
389
413
415
418
436
441
460
461
462
463
464
465
466
467
468
480
481
482
483
484
485
486
487
488
489
503
504
506
507
508
509
520
525
526
530
549
550
554
555
560
561
562
563
564
565
566
567
569
580
581
582
583
584
585
586
587
588
589
600
610
612
613
614
617
620
621
622
623
624
625
626
627
628
629
636
644
650
651
653
654
655
656
658
660
661
662
663
664
665
666
667
668
669
678
680
681
682
683
684
685
686
687
688
689
701
702
704
705
707
713
714
716
717
723
729
730
731
732
733
734
735
736
737
738
739
740
741
742
743
744
745
746
747
748
749
750
751
752
753
754
755
756
757
758
759
765
766
770
771
772
773
774
775
776
777
778
779
780
782
786
787
789
812
845
846
847
848
849
850
851
852
853
856
857
870
871
872
873
874
875
876
877
878
879
881
882
883
891
892
893
894
895
896
897
900
910
912
913
917
919
920
930
931
932
933
934
935
936
937
938
939
951
953
954
955
956
957
960
961
962
963
964
965
966
968
969
971
972
974
975
976
977
979
990
991
993
994
Montebello, California
720
721
722
724
725
726
727
728
887
888
889
890
5Unknown prefix code (213) - California
