Big Pine, Florida
872
Coral Springs, Florida
340
341
344
345
346
752
753
755
Davie, Florida
587
Deerfield Beach, Florida
675
690
360
420
421
422
426
427
428
429
480
481
570
574
695
698
Fort Lauderdale, Florida
898
286
423
515
748
830
231
240
244
249
321
327
328
351
355
356
357
359
370
384
389
390
396
398
424
452
462
463
467
468
469
472
473
474
475
476
484
485
486
490
491
492
493
494
497
521
522
523
524
525
527
528
537
561
562
563
564
565
566
568
572
581
583
584
629
631
645
646
647
648
676
679
728
730
731
733
735
739
741
742
746
747
749
760
761
763
764
765
766
767
768
771
772
774
776
777
779
791
792
797
831
832
845
846
849
850
855
875
877
878
879
896
928
938
980
992
Hollywood, Florida
430
431
432
433
434
435
436
437
438
454
455
456
457
458
680
920
921
922
923
925
926
927
929
961
962
963
964
966
967
981
983
985
986
987
989
Homestead, Florida
224
230
242
245
246
247
248
257
258
Islamorada, Florida
664
Key Largo, Florida
451
453
852
853
Key West, Florida
292
293
294
296
Marathon, Florida
289
743
Miami, Florida
220
221
222
223
225
226
227
229
237
250
261
262
263
264
265
266
267
268
270
271
273
274
277
279
284
285
298
322
323
324
325
326
334
337
338
339
342
347
348
350
352
353
358
361
362
363
364
365
366
368
369
371
372
373
374
375
376
377
379
380
381
382
383
385
386
387
388
391
397
399
439
441
442
443
444
445
446
447
448
449
460
461
464
465
470
471
477
478
520
526
529
530
531
532
534
535
536
538
539
540
542
543
544
545
546
547
548
549
550
551
552
553
554
556
557
558
559
560
567
571
573
575
576
577
578
579
580
582
585
586
588
590
591
592
593
594
595
596
597
598
599
633
634
635
636
637
638
642
643
644
649
661
662
663
665
666
667
669
670
672
673
674
681
685
687
688
691
693
694
696
729
732
734
737
751
754
756
757
758
759
762
769
773
775
789
790
793
794
795
799
820
821
822
823
824
825
826
827
828
833
834
835
836
837
838
839
840
841
842
843
844
854
856
857
858
859
860
861
862
864
865
866
867
868
869
870
871
873
874
876
880
881
882
883
884
885
886
887
888
889
891
892
893
895
899
939
951
953
990
993
995
996
276
297
715
736
738
819
897
North Key Largo, Florida
367
North Dade, Florida
239
319
331
332
333
335
336
343
354
541
620
621
623
624
625
626
628
651
652
653
654
655
657
658
659
660
682
770
778
787
829
931
932
933
934
935
936
937
940
944
945
947
948
949
952
956
957
965
Orlando, Florida
555
Perrine, Florida
232
233
234
235
238
251
252
253
254
255
256
281
282
283
378
Pompano Beach, Florida
425
720
722
724
726
781
782
783
784
785
786
941
942
943
946
960
968
969
970
971
972
973
974
975
977
978
979
Sugarloaf Key, Florida
744
745
Tamarac, Florida
721
5Unknown prefix code (305) - Florida
