Nephi, Utah
314
Xfer from AC801, Utah
207
210
234
245
247
257
258
259
260
279
283
285
286
289
326
335
336
340
353
381
384
386
387
410
418
419
421
422
425
427
428
433
436
438
439
445
448
452
454
456
457
458
459
462
469
471
472
473
477
502
527
528
529
542
545
548
559
563
564
574
577
586
587
590
592
609
610
613
615
618
619
623
624
628
630
632
634
635
636
637
638
640
642
644
645
646
647
648
649
650
651
652
653
654
655
656
657
658
659
660
661
663
665
668
669
671
672
673
674
675
676
677
678
679
680
681
682
683
684
686
687
688
689
690
691
692
693
695
697
712
713
720
722
723
727
729
730
734
735
738
739
740
743
744
746
747
748
749
750
751
752
753
755
757
758
759
760
761
769
770
772
780
781
783
784
787
788
789
790
792
793
795
797
810
813
819
820
822
823
824
826
827
828
830
831
832
833
834
835
836
837
839
840
841
842
843
846
848
849
850
851
854
855
857
863
864
865
866
867
869
870
871
872
874
877
878
879
880
881
882
884
885
888
889
893
895
896
897
899
901
946
948
979
5Unknown prefix code (435) - Utah
