Alamitos, California
930
936
Avalon, California
510
Beverly Hills, California
201
203
205
246
247
270
271
273
274
275
276
277
278
279
281
282
284
285
286
288
289
550
551
552
553
556
557
652
657
659
785
788
843
854
855
858
859
967
358
772
777
888
Compton, California
272
509
668
669
884
885
220
408
529
531
537
601
602
603
604
605
608
609
630
631
632
633
634
635
637
638
639
761
762
763
764
790
886
898
Culver City, California
202
204
280
287
558
559
815
836
837
838
839
840
841
842
Downey, California
401
803
806
861
862
869
904
922
923
927
928
940
El Segundo, California
322
333
334
335
336
364
414
416
524
606
607
615
616
640
647
648
726
Gardena, California
213
353
366
380
503
504
505
508
561
600
612
613
614
617
701
710
713
716
717
718
880
990
992
993
994
995
217
323
324
327
329
352
354
501
502
512
515
516
523
527
532
538
715
719
767
768
769
Hawthorne, California
263
725
219
297
331
332
355
363
535
536
643
644
675
676
679
812
813
814
970
978
Inglewood, California
419
215
216
330
337
338
348
410
412
417
418
568
641
642
645
646
649
670
671
672
673
674
677
La Habra, California
690
691
694
697
902
905
943
947
Los Angeles, California
853
520
Lakewood, California
405
629
931
932
934
935
938
210
420
421
425
429
496
497
593
982
Lawndale, California
973
Lomita, California
325
326
517
530
534
784
Long Beach, California
218
422
423
424
426
427
428
432
435
436
437
490
491
492
495
499
570
590
591
595
599
901
933
980
981
983
984
988
989
997
Los Alamitos, California
430
431
433
434
438
439
493
494
498
592
594
596
597
598
795
797
799
985
986
987
Malibu, California
589
317
456
457
Mar Vista, California
577
915
301
302
305
306
313
390
391
397
398
448
572
574
576
578
821
822
823
827
Norwalk, California
460
461
462
465
467
916
402
403
404
406
407
409
802
804
807
809
860
863
864
865
866
867
868
920
921
924
925
926
929
Pico Rivera, California
949
692
695
699
801
908
942
948
Redondo, California
937
939
Redondo Beach, California
214
316
318
370
371
372
373
374
375
376
377
378
379
540
541
542
543
544
545
546
791
792
793
796
798
San Monica, California
260
261
262
580
581
582
583
584
585
587
588
San Pedro, California
732
952
513
514
518
519
521
522
547
548
549
816
830
831
832
833
834
835
Santa Monica, California
314
315
319
350
392
393
394
395
396
399
449
450
451
452
453
454
455
458
459
573
828
829
917
Torrance, California
222
212
320
328
533
539
618
781
782
783
787
West Los Angeles, California
264
914
996
998
206
207
208
209
312
440
441
442
443
444
445
446
447
470
471
472
473
474
475
476
477
478
479
571
575
794
820
824
825
826
Whittier, California
693
696
698
903
906
907
941
944
945
946
5Unknown prefix code (310) - California
