Chicago, Illinois
201
202
203
204
206
207
214
220
221
222
223
224
225
226
227
229
230
233
235
236
237
238
239
241
242
243
245
247
248
249
250
252
254
257
258
260
261
262
263
264
265
266
267
268
269
271
273
274
275
276
277
278
280
281
282
283
284
285
286
287
288
289
290
291
292
293
294
296
298
300
302
306
308
315
316
320
321
322
324
326
327
329
332
334
335
337
338
339
341
342
345
346
347
348
349
353
357
360
362
363
365
368
372
373
374
375
376
378
379
380
382
384
387
392
394
396
399
400
401
404
407
408
410
415
417
419
421
427
431
433
434
435
436
440
441
443
444
445
451
454
455
456
458
460
461
462
463
464
465
466
467
468
471
472
473
474
476
477
478
479
481
482
483
484
486
487
488
489
490
493
495
497
499
500
502
503
504
507
508
509
514
521
522
523
525
527
528
533
534
535
536
538
539
540
541
542
545
546
548
549
550
551
552
553
554
556
557
558
559
560
561
562
563
565
567
568
569
570
571
572
573
574
575
578
579
580
581
582
583
585
586
587
588
589
590
592
594
600
601
602
604
606
607
608
609
613
616
618
621
622
623
624
625
626
627
629
630
631
633
634
637
638
639
640
641
642
643
644
645
646
648
649
650
651
654
655
657
658
659
660
661
663
664
665
666
667
669
670
672
682
683
684
685
686
688
689
693
694
697
701
702
703
704
705
707
712
714
715
716
718
720
721
722
723
725
726
727
728
730
731
732
733
734
735
736
737
738
739
740
741
743
744
745
746
747
748
750
751
752
753
755
758
759
760
761
762
763
764
765
767
768
769
770
771
772
774
775
776
777
778
779
781
782
783
784
785
786
787
789
790
791
792
793
794
796
797
802
804
805
807
808
812
813
814
819
820
821
822
825
826
828
829
831
835
836
837
838
839
840
842
845
846
847
849
850
851
853
854
855
856
857
859
861
862
864
868
871
873
874
875
876
877
878
879
880
881
883
884
886
887
889
890
891
892
894
899
901
902
903
904
906
907
908
909
914
915
917
918
919
920
921
922
923
924
925
927
928
929
930
931
932
933
934
935
936
938
939
941
942
943
944
945
946
947
949
951
954
955
961
962
972
973
974
975
977
978
979
982
983
984
986
987
988
989
992
993
994
995
996
997
University Of Illinois, Chicago, Illinios
413
5Unknown prefix code (312) - Illinois
