Del Mar, California
259
481
500
755
792
793
794
La Jolla, California
270
272
273
274
404
450
452
453
454
455
456
457
458
459
483
488
490
506
508
518
534
535
539
546
550
551
552
554
558
581
587
597
622
625
657
658
Linda Vista, California
268
277
278
279
292
467
492
493
494
495
496
502
541
560
565
569
571
573
576
627
637
654
694
972
974
Mira Mesa, California
271
530
536
537
547
549
566
578
586
621
684
689
693
695
Poway, California
486
679
748
Rancho Bernardo, California
451
485
487
592
604
673
674
675
Rancho Penasquitos, California
484
538
672
Rancho Santa Fe, California
513
756
759
5Unknown prefix code (858) - California
