Campo, California
478
Chula Vista, California
413
420
421
422
423
424
425
426
427
428
429
476
482
498
575
585
656
661
662
690
691
Coronado, California
408
435
437
522
545
Dulzura, California
468
El Cajon, California
401
590
258
390
440
441
442
443
444
447
448
449
561
562
579
588
593
596
Harbison/Alpine, California
445
659
Jacumba Hot Springs, California
766
La Mesa, California
460
461
462
463
464
465
466
469
589
660
667
668
669
670
697
698
National City, California
267
336
470
472
474
475
477
479
412
416
Pine Valley, California
473
San Diego, California
220
221
222
223
224
225
226
229
230
231
232
233
234
235
236
237
238
239
260
262
263
264
265
266
275
276
280
281
282
283
284
285
286
287
288
289
290
291
293
294
295
296
297
298
299
338
406
407
417
419
491
497
505
507
514
521
523
524
525
526
527
528
529
531
532
533
540
542
543
544
548
553
556
557
559
563
570
574
580
582
583
584
594
595
624
645
685
686
687
688
692
696
699
701
702
717
844
853
887
888
897
898
899
923
925
926
965
968
969
970
971
973
975
977
978
979
980
981
982
983
984
985
986
987
988
989
990
991
992
993
994
995
996
997
998
999
Santee, California
855
895
5Unknown prefix code (619) - California

