FromAC602, Arizona
218
283
288
301
303
312
314
317
342
345
348
350
354
357
367
368
373
380
391
394
396
413
419
421
423
424
425
429
441
443
446
449
451
456
457
460
461
464
471
473
475
481
483
488
491
496
497
502
503
507
515
517
539
545
552
554
557
563
575
585
592
595
596
598
607
609
610
614
632
633
638
641
642
644
649
654
655
657
659
661
668
671
675
693
699
704
705
706
715
726
727
730
731
732
733
736
752
753
755
756
759
767
774
775
777
782
783
784
785
786
802
804
807
812
813
814
816
820
821
827
829
830
831
832
833
834
835
836
837
838
839
844
854
855
857
858
860
874
883
884
888
890
891
892
893
894
895
897
898
899
902
905
917
921
922
924
926
927
929
940
941
945
946
947
948
949
951
961
962
963
964
965
966
967
968
969
970
981
982
983
984
985
986
987
988
990
991
994
998
5Unknown prefix code (480) - Arizona

