Airline, Texas
405
418
445
447
448
591
820
847
878
931
999
Aldine, Texas
442
449
590
985
986
987
Alief, Texas
564
495
498
530
561
568
575
879
933
983
Alvin, Texas
331
388
585
Apollo, Texas
212
218
244
286
280
282
283
480
483
486
Arcola, Texas
431
Atascocita, Texas
812
852
Bacliff, Texas
339
559
Bammel, Texas
397
587
440
444
537
580
583
586
893
Barker, Texas
647
492
578
579
Baytown, Texas
837
838
839
420
421
422
424
425
427
428
Beach City, Texas
383
573
Blue Ridge, Texas
436
437
438
835
Brookshire, Texas
934
Buffalo, Texas
368
407
544
560
597
293
493
496
497
531
556
558
584
588
589
596
870
Channelview, Texas
860
452
457
Cleveland, Texas
592
593
Crosby, Texas
328
Cypress, Texas
373
256
Deer Park, Texas
246
476
478
479
884
930
Dickinson, Texas
337
382
534
East Houston, Texas
458
459
Ellington, Texas
481
484
487
922
929
998
Friendswood, Texas
482
992
996
Greens Point, Texas
423
775
872
873
874
875
876
Highlands, Texas
426
843
Hmbl Sohml, Texas
319
441
446
540
548
Houston, Texas
704
740
945
413
743
746
905
216
217
245
248
249
250
252
253
254
296
297
299
327
408
410
412
414
415
416
417
419
515
542
543
547
553
557
562
567
569
582
594
598
615
616
617
624
625
628
638
646
677
693
698
703
707
708
709
710
712
716
717
724
725
735
736
737
745
752
753
755
756
758
770
773
802
803
808
815
818
828
846
851
854
858
881
887
899
901
904
906
907
917
919
942
962
982
989
260
267
365
536
606
607
612
613
619
648
687
722
727
760
764
765
819
902
903
914
916
918
938
949
990
994
220
221
222
223
224
225
226
227
228
229
235
236
237
238
241
247
266
268
270
271
272
284
285
295
390
432
433
434
435
439
450
451
453
455
460
461
462
464
465
467
468
472
473
475
477
488
520
521
522
523
524
525
526
527
528
529
535
541
546
549
551
552
599
620
621
622
623
626
627
629
630
631
633
635
636
639
640
641
643
644
645
649
650
651
652
653
654
655
656
657
658
659
660
661
662
663
664
665
666
667
668
669
670
671
672
673
674
675
676
678
679
680
681
682
683
684
685
686
688
690
691
692
694
695
696
697
699
720
721
723
726
728
729
730
731
732
733
734
738
739
741
744
747
748
749
750
751
754
757
759
761
762
763
768
769
771
772
774
776
777
778
779
780
781
782
783
784
785
786
787
788
789
790
791
792
793
794
795
796
797
798
799
822
823
824
825
826
827
829
831
833
834
836
840
841
842
844
845
850
853
857
861
862
863
864
865
866
867
868
869
871
877
880
882
883
886
888
891
892
895
898
920
921
923
924
926
928
932
935
939
940
941
943
944
946
947
948
951
952
953
954
956
957
960
961
963
964
965
966
967
968
969
971
972
973
974
975
977
978
981
984
988
991
993
995
Huffman, Texas
324
Jersey Village, Texas
466
849
896
937
Katy, Texas
396
347
371
391
392
394
395
574
Kemah, Texas
326
334
532
538
Kingwood, Texas
348
361
358
359
360
La Porte, Texas
470
471
Langham Creek, Texas
463
550
855
856
859
League City, Texas
554
332
338
386
Liverpool, Texas
393
581
Lake Houston, Texas
454
Manvel, Texas
489
Mount Belvieu, Texas
576
385
Ness Bay, Texas
333
335
Pearland, Texas
485
997
Pinehurst, Texas
259
356
Porter, Texas
354
577
Porter Height, Texas
572
429
Richmondrsburg, Texas
232
239
341
342
344
Rosharn, Texas
369
595
Satsuma, Texas
807
469
890
894
897
955
Seabrook, Texas
291
474
Sheldon, Texas
456
Smithers Lake, Texas
545
343
Splendora, Texas
689
Splender, Texas
399
Spring, Texas
377
350
353
355
363
364
367
288
292
298
Stafford, Texas
261
499
Sugar Land, Texas
240
242
262
263
264
265
269
273
274
275
276
277
278
279
287
289
294
490
491
494
563
565
566
980
Tomball, Texas
257
320
351
357
370
374
375
376
378
379
251
255
Valley Ledge, Texas
346
533
Westfield, Texas
230
233
443
821
5Unknown prefix code (713) - Texas
