Atlanta, Georgia
201
202
206
209
210
212
215
218
220
221
222
223
224
225
230
233
235
237
238
239
240
241
243
244
248
249
250
252
255
256
257
261
262
264
266
280
281
284
286
288
289
290
291
292
294
296
297
298
299
302
303
305
308
309
310
312
313
314
315
316
317
320
321
325
329
330
331
332
341
344
346
347
349
350
351
352
355
360
361
362
363
364
365
366
370
371
372
373
377
378
380
383
398
401
402
403
405
406
408
415
420
444
501
505
515
520
521
522
523
524
525
526
527
529
530
550
555
556
558
559
561
566
570
572
573
577
580
581
584
586
588
589
605
607
608
609
614
616
617
619
622
624
626
633
634
636
639
651
653
656
657
658
659
669
676
679
680
681
683
686
688
690
691
696
697
699
703
705
712
714
715
716
726
727
728
730
731
741
744
752
753
755
756
758
761
762
763
765
766
767
768
771
792
794
799
805
810
814
815
817
818
827
833
837
841
842
843
847
848
851
853
863
865
870
871
872
873
874
875
876
877
880
881
885
888
892
894
897
898
899
906
910
976
982
999
548
629
687
724
733
Buckhead1/2Toco Hills, Georgia
231
816
Chamblee, Georgia
551
708
628
722
Decatur, Georgia
508
Fayetteville, Georgia
631
La Grange, Georgia
845
Manchester, Georgia
846
Norcross, Georgia
713
905
689
738
Rossville, Georgia
891
Roswell, Georgia
552
Smyrna, Georgia
432
West Point, Georgia
585
5Unknown prefix code (404) - Georgia
