Washington, D.C.
205
208
213
215
219
223
224
225
226
228
232
233
234
244
245
252
253
254
259
260
264
265
267
268
269
272
273
274
275
279
282
283
287
288
289
291
293
296
298
305
307
307
307
307
307
310
316
319
324
326
328
331
332
333
334
336
337
338
342
343
346
347
348
357
358
362
363
364
365
366
371
373
374
376
377
382
383
387
388
389
392
393
395
396
397
398
399
401
404
408
416
418
424
426
429
432
433
434
435
436
445
447
452
453
456
457
458
462
463
466
467
471
472
473
475
477
479
482
483
484
485
488
490
494
501
504
508
512
514
515
516
522
523
526
529
535
537
539
541
542
543
544
546
547
554
561
562
563
566
574
575
576
581
582
583
584
586
588
592
597
605
606
610
613
616
619
622
623
624
625
626
627
628
632
633
634
635
636
637
638
639
646
647
651
653
659
662
663
665
666
667
668
672
673
675
676
678
679
682
685
686
687
690
707
708
714
716
720
722
723
724
726
727
728
732
736
737
745
752
755
757
767
773
775
778
783
784
785
786
788
789
796
797
799
801
806
812
822
825
828
829
832
833
835
837
842
843
844
855
857
861
862
863
865
872
874
877
879
882
884
885
887
889
895
896
898
901
906
915
917
921
927
928
936
939
942
943
944
947
954
955
956
957
962
965
966
973
976
986
991
994
996
5Unknown prefix code (202) - District Of Columbia
