East St. Paul, Minnesota
731
Unknown(xfer from 612), Minnesota
205
207
213
215
220
221
222
223
224
225
227
228
229
232
233
234
236
239
244
251
254
255
256
257
258
265
266
267
268
274
276
281
282
286
290
291
292
293
296
297
298
303
306
310
312
345
351
380
385
387
388
393
398
402
407
408
415
426
429
430
433
436
437
438
439
450
451
453
455
457
458
459
462
464
465
480
481
482
483
484
485
486
487
488
489
490
501
503
505
523
528
552
558
565
575
578
582
583
587
592
602
603
604
605
610
628
629
631
632
633
634
635
636
637
638
639
641
642
643
644
645
646
647
649
653
659
665
674
690
691
693
695
696
697
698
699
702
704
705
714
730
733
735
736
737
738
739
748
762
764
765
766
768
769
770
771
772
773
774
776
777
778
779
787
793
796
815
842
847
848
855
908
917
918
923
962
966
967
969
982
983
989
994
5Unknown prefix code (651) - Minnesota
