Sierraville, California
205
233
240
245
246
249
253
269
270
271
278
282
284
287
288
290
298
313
321
323
331
333
336
350
354
356
360
372
375
377
384
390
404
424
426
429
433
451
458
462
467
469
471
473
483
486
487
489
491
520
539
552
556
610
616
643
694
706
712
713
726
728
729
738
739
753
754
755
758
759
763
766
784
785
786
787
788
795
812
813
844
845
846
847
851
855
856
857
858
859
865
866
867
869
871
872
873
874
879
882
896
897
899
912
919
924
925
928
934
937
943
952
953
965
974
980
981
984
986
987
988
989
993
994
996
997
998
999
5Unknown prefix code (917) - California
