Hawaii, Hawaii
334
350
880
884
886
887
936
982
985
322
323
324
325
326
327
328
329
775
776
881
882
883
885
889
925
928
929
933
934
935
959
961
962
963
964
965
966
967
968
969
987
Kauai, Hawaii
370
639
241
245
246
332
335
337
338
651
654
739
742
822
823
826
828
Lanai, Hawaii
390
565
Maui, Hawaii
249
283
297
360
665
875
876
229
242
243
244
248
281
572
573
575
579
661
662
667
669
871
872
873
874
877
878
879
Molokai, Hawaii
380
552
553
558
567
Oahu, Hawaii
220
221
223
224
228
275
282
284
285
286
289
291
299
340
497
549
574
577
578
586
587
596
597
626
627
657
674
675
679
683
721
753
754
838
844
851
225
226
233
234
235
236
237
239
247
254
257
259
261
262
263
266
287
288
293
296
373
377
394
395
396
397
422
423
424
433
438
448
449
453
454
455
456
467
471
472
474
477
483
484
486
487
488
499
520
521
522
523
524
525
526
527
528
529
530
531
532
533
536
537
538
539
541
543
544
545
546
547
548
576
591
592
593
594
595
599
621
622
623
624
625
628
637
638
643
653
655
656
668
671
672
673
676
677
678
681
682
684
687
689
695
696
732
733
734
735
737
738
831
832
833
834
835
836
837
839
841
842
845
846
847
848
849
921
922
923
924
926
927
931
941
942
943
944
945
946
947
948
949
951
955
956
957
971
973
979
988
5Unknown prefix code (808) - Hawaii
