Xfer from AC503 July 11-99, Orgeon
201
202
203
204
205
207
208
209
210
212
213
214
215
216
217
218
219
220
221
222
223
224
225
226
227
228
229
230
231
232
233
234
235
236
237
238
239
240
241
242
243
244
245
246
247
248
249
250
251
252
253
254
255
256
257
259
260
261
262
263
264
265
266
267
268
269
270
271
272
273
274
275
276
277
278
279
280
281
282
283
284
285
286
287
288
289
290
291
292
293
294
295
296
297
298
299
301
303
304
305
306
307
308
309
310
312
313
314
315
316
317
318
319
320
321
323
324
326
327
328
329
330
331
332
333
334
335
336
337
340
341
342
343
344
345
347
348
349
350
351
352
353
354
356
357
358
359
361
362
363
364
365
366
367
369
370
371
372
373
374
375
378
379
380
381
382
383
385
386
387
389
390
391
393
394
395
396
397
399
401
402
403
404
405
406
407
408
409
410
412
413
414
415
416
417
418
419
420
421
422
423
424
425
426
427
428
429
430
431
432
433
434
435
437
438
439
441
442
443
444
445
446
447
448
449
450
451
452
453
454
455
456
460
461
462
463
464
465
466
467
468
469
471
472
473
474
475
476
477
478
479
480
481
482
484
485
486
487
488
490
491
492
493
494
495
497
498
499
502
504
505
507
508
510
512
513
514
515
516
517
518
519
520
521
522
523
524
525
526
527
528
529
530
531
532
533
534
535
536
537
538
539
540
542
543
544
548
550
551
552
553
554
556
557
558
559
560
561
566
569
570
571
572
574
575
576
577
578
579
580
581
582
585
587
588
589
590
591
592
594
596
597
598
599
601
603
604
605
606
608
610
612
613
614
615
616
617
618
619
620
621
622
623
624
625
626
627
628
629
630
631
632
633
634
635
636
637
638
639
640
641
642
643
644
645
646
647
648
649
650
651
652
653
654
655
656
657
658
659
660
661
662
663
664
665
666
667
668
669
670
671
672
673
674
675
676
677
678
679
680
681
682
684
685
689
690
691
692
693
694
695
696
697
698
699
701
702
703
704
705
706
707
708
709
710
712
713
716
720
721
722
723
725
726
727
728
730
731
732
733
734
735
736
743
746
747
748
749
751
752
753
754
756
757
760
761
762
763
767
768
769
770
771
772
773
774
775
776
777
778
780
781
783
784
786
787
788
789
790
792
793
794
795
796
797
799
802
803
804
805
806
807
808
810
813
816
817
818
819
820
821
823
824
825
826
827
828
829
830
831
832
833
834
835
838
840
843
844
845
846
848
849
850
851
852
854
855
857
858
859
860
862
864
866
868
869
870
871
872
873
874
876
877
878
879
880
881
882
883
884
885
886
887
890
891
892
893
894
897
899
902
903
904
905
906
907
909
910
916
918
919
920
921
925
930
931
932
936
937
938
939
940
941
942
943
944
945
946
947
948
949
951
952
955
957
961
962
963
964
968
969
970
972
973
975
977
978
980
981
982
983
985
986
989
991
992
5Unknown prefix code (971) - Oregon
