Bronx1/2Manhattan, New York
388
New York City, New York
436
609
609
950
960
205
206
207
208
210
211
213
214
216
218
219
221
223
225
226
227
228
229
230
232
233
235
236
237
238
239
240
242
243
244
245
246
247
248
250
251
252
253
254
255
256
258
259
260
261
262
263
264
265
266
267
268
269
270
271
272
273
274
275
276
277
278
279
282
284
285
286
287
290
291
296
297
298
301
302
303
306
307
308
309
310
311
311
311
311
312
313
314
315
317
318
319
321
322
323
326
329
330
331
332
333
334
335
336
337
338
339
340
341
343
344
345
346
347
349
350
351
352
353
354
355
356
357
358
359
361
363
366
370
371
372
373
374
375
377
380
381
382
383
384
385
387
389
390
391
392
393
394
395
397
398
399
401
404
406
407
408
412
413
414
415
416
417
418
419
420
421
422
424
425
426
428
429
431
432
433
435
437
440
441
442
444
445
446
447
448
449
450
451
452
453
454
455
457
458
459
460
461
462
463
464
465
466
467
468
469
470
471
473
474
475
476
477
478
479
480
481
482
483
484
485
486
487
488
489
490
492
493
494
495
502
503
504
505
506
508
509
510
511
511
511
512
513
514
516
520
521
522
523
524
525
527
528
529
530
532
533
536
537
541
545
546
551
552
553
554
556
557
558
559
560
561
563
564
565
566
571
572
573
574
575
576
577
578
581
582
586
587
591
592
593
594
596
598
599
602
603
605
607
608
610
612
613
614
616
618
619
620
621
622
623
624
625
626
627
629
630
631
632
633
635
636
637
638
639
640
641
642
643
644
645
646
647
648
649
651
656
657
658
659
661
664
667
668
669
672
673
674
675
676
677
679
682
683
684
685
686
687
688
689
691
692
693
695
696
697
698
699
701
702
703
704
705
706
707
708
709
712
713
714
715
719
720
725
727
730
732
735
736
741
742
745
746
747
748
750
751
752
753
754
755
756
757
758
759
760
764
765
766
767
768
770
773
775
776
777
778
779
780
782
783
785
786
788
789
790
791
793
797
804
806
807
808
809
811
812
813
815
818
819
820
821
825
826
827
830
832
833
836
837
838
839
840
841
845
846
847
848
850
851
852
855
856
858
867
868
869
871
872
878
880
883
886
887
888
889
890
891
898
899
902
903
905
906
907
908
909
912
916
921
922
924
925
929
930
935
936
936
936
936
936
936
936
936
936
936
936
936
936
936
938
940
941
943
944
945
947
949
951
952
953
954
955
956
957
959
961
962
963
964
966
967
968
969
971
972
973
974
975
976
977
978
979
980
982
983
984
985
986
987
989
995
997
998
222
241
249
280
288
289
316
327
348
360
362
369
396
410
423
427
439
456
472
496
517
531
534
535
570
580
595
606
628
650
662
663
666
678
717
721
722
724
734
737
744
749
769
771
772
774
787
794
799
831
853
854
860
861
864
865
866
870
873
874
875
876
877
879
932
988
996
999
220
234
281
283
292
293
294
295
299
304
305
328
342
364
365
367
368
378
402
491
518
538
542
544
562
567
568
569
579
583
584
585
588
589
590
617
665
681
690
694
716
731
733
740
781
795
817
842
862
893
901
923
926
927
928
933
939
942
991
992
993
409
430
597
792
822
823
824
828
829
863
892
904
918
931
231
320
324
325
379
405
515
519
543
547
548
549
601
652
653
654
655
671
796
798
881
882
884
885
920
994
5Unknown prefix code (212) - N.Y. City
