New York City, New York
204
209
217
221
224
225
226
229
230
232
233
234
235
236
237
238
240
241
244
247
248
251
252
253
256
257
258
259
260
261
262
263
265
266
267
268
270
271
272
273
274
275
276
277
278
279
282
284
287
291
296
297
317
318
321
322
326
327
330
331
332
335
336
337
338
339
341
342
343
345
346
347
349
351
352
353
354
356
357
358
359
361
363
366
370
372
373
375
376
377
380
381
382
383
384
385
386
387
388
389
390
392
395
397
398
403
417
421
423
424
426
428
429
434
435
436
438
439
441
442
443
444
445
446
447
448
449
451
452
453
454
455
456
457
458
459
461
462
463
464
465
467
468
469
470
471
472
474
476
478
479
480
481
482
485
486
489
492
493
494
495
497
498
499
507
520
522
523
525
526
527
528
529
531
533
539
541
544
545
552
557
565
571
574
575
591
592
596
599
604
615
622
624
625
626
627
628
629
630
631
632
633
634
636
638
639
641
642
643
644
645
646
647
648
649
651
656
657
658
659
667
670
672
680
692
693
694
698
699
706
712
720
721
723
726
727
728
729
735
738
739
740
743
745
746
748
754
755
756
760
761
762
763
764
767
768
769
771
773
774
776
778
779
780
782
783
784
786
788
789
793
797
802
803
805
816
821
826
827
830
831
832
833
834
835
836
837
840
843
845
846
847
848
849
851
852
853
854
855
856
857
858
859
868
871
875
876
883
886
891
894
895
896
897
898
899
917
919
921
922
927
932
934
935
937
938
939
941
942
945
946
948
949
951
953
955
956
961
962
963
965
966
967
968
969
972
974
977
978
979
981
983
984
987
990
995
996
997
998
999
844
985
286
289
290
298
553
926
952
223
281
264
350
668
688
980
982
220
292
293
294
295
299
328
329
364
365
367
378
402
518
538
542
562
563
579
583
584
585
588
589
590
617
665
681
716
731
733
817
842
893
901
933
960
991
992
993
409
430
597
792
822
823
824
828
829
863
892
904
918
931
231
320
324
325
379
405
515
519
536
543
547
548
549
601
652
653
654
655
671
796
798
881
882
884
885
920
994
201
219
242
243
245
246
249
250
255
269
283
288
344
348
369
394
399
404
422
425
427
473
487
488
490
491
567
598
722
752
753
757
890
940
368
714
334
396
416
433
546
595
766
777
460
5Unknown prefix code (718) - New York City, New York
